GameStates <- c(('0 0','0 1', '0 2', '0 3', '0 12', '0 13', '0 23', '0 123',
GameStates <- c(('0 0','0 1', '0 2', '0 3', '0 12', '0 13', '0 23', '0 123',
GameStates <- c(('0 0', '0 1', '0 2', '0 3', '0 12', '0 13', '0 23', '0 123',
GameStates <- c(("'0 0'", '0 1', '0 2', '0 3', '0 12', '0 13', '0 23', '0 123',
GameStates <- c(('0 0', '0 1', '0 2', '0 3', '0 12', '0 13', '0 23', '0 123',
GameStates <- c(('0 0', '0 1', '0 2', '0 3', '0 12', '0 13', '0 23', '0 123',
GameStates <- c('0 0', '0 1', '0 2', '0 3', '0 12', '0 13', '0 23', '0 123',
'1 0','1 1', '1 2', '1 3', '1 12', '1 13', '1 23', '1 123',
'2 0','2 1', '2 2', '2 3', '2 12', '2 13', '2 23', '2 123', '3 0')
GameStates
library(readr)
outcomes_Team_A <- read_csv("outcomes - Team A.csv",
col_names = FALSE)
View(outcomes_Team_A)
GameStates <- c('0 0', '0 1', '0 2', '0 3', '0 12', '0 13', '0 23', '0 123',
'1 0','1 1', '1 2', '1 3', '1 12', '1 13', '1 23', '1 123',
'2 0','2 1', '2 2', '2 3', '2 12', '2 13', '2 23', '2 123', '3 0')
TeamATransition <- read_csv("outcomes - Team A.csv",
+     col_names = GameStates)
TeamATransition <- read_csv("outcomes - Team A.csv", col_names = GameStates)
TeamATransition
TeamATransition <- read.csv("outcomes - Team A.csv",)
TeamATransition
View(TeamATransition)
TeamATransition <- read.csv("outcomes - Team A.csv", dimnames = list(GameStates, GameStates))
TeamATransition <- read.csv("outcomes - Team A.csv", row.names = GameStates, col.names = GameStates)
View(TeamATransition)
TeamATransition <- read_csv("outcomes - Team A.csv", row.names = GameStates, col.names = GameStates)
TeamATransition <- read_csv("outcomes - Team A.csv")
View(TeamATransition)
TeamATransition <- read_csv("outcomes - Team A.csv", col_names = GameStates)
View(TeamATransition)
TeamATransition <- read_csv("outcomes - Team A.csv", col_names = GameStates, id = GameStates)
View(TeamATransition)
TeamATransition <- read_csv("outcomes - Team A.csv", col_names = GameStates)
TeamATransition <- matrix(c(0.0292,.2887,0.0575,0.004,0,0,0,0,0.6202,0,0,0,0,0,0,0,0,0,0,0,0,0,0,0,0
0.0292,0,0,0.004,.2887,0,0.0575,0,0,0.6202,0,0,0,0,0,0,0,0,0,0,0,0,0,0,0
TeamATransition <- matrix(c(0.0292,.2887,0.0575,0.004,0,0,0,0,0.6202,0,0,0,0,0,0,0,0,0,0,0,0,0,0,0,0,0.0292,0,0,0.004,.2887,0,0.0575,0,0,0.6202,0,0,0,0,0,0,0,0,0,0,0,0,0,0,0
0.0292,0.172,0.0575,0.004,0.1167,0,0,0,0,0,0.6202,0,0,0,0,0,0,0,0,0,0,0,0,0,0,
TeamATransition <- matrix(c(0.0292,.2887,0.0575,0.004,0,0,0,0,0.6202,0,0,0,0,0,0,0,0,0,0,0,0,0,0,0,0,0.0292,0,0,0.004,
.2887,0,0.0575,0,0,0.6202,0,0,0,0,0,0,0,0,0,0,0,0,0,0,0
0.0292,0.172,0.0575,0.004,0.1167,0,0,0,0,0,0.6202,0,0,0,0,0,0,0,0,0,0,0,0,0,0,
TeamATransition <- matrix(c(0.0292,.2887,0.0575,0.004,0,0,0,0,0.6202,0,0,0,0,0,0,0,0,0,0,0,0,0,0,0,0,0.0292,0,0,0.004,.2887,0,0.0575,0,0,0.6202,0,0,0,0,0,0,0,0,0,0,0,0,0,0,0
0.0292,0.172,0.0575,0.004,0.1167,0,0,0,0,0,0.6202,0,0,0,0,0,0,0,0,0,0,0,0,0,0,
TeamATransition <- matrix(c(0.0292,.2887,0.0575,0.004,0,0,0,0,0.6202,0,0,0,0,0,0,0,0,0,0,0,0,0,0,0,0,0.0292,0,0,0.004,.2887,0,0.0575,0,0,0.6202,0,0,0,0,0,0,0,0,0,0,0,0,0,0,0,0.0292,0.172,0.0575,0.004,0.1167,0,0,0,0,0,0.6202,0,0,0,0,0,0,0,0,0,0,0,0,0,0,
0.0292,0.172,0.0575,0.004,0,0.1167,0,0,0,0,0,0.6202,0,0,0,0,0,0,0,0,0,0,0,0,0,
0.0292,0,0,0.004,0.172,0,0.0575,0.1167,0,0,0,0,0.6202,0,0,0,0,0,0,0,0,0,0,0,0,
0.0292,0,0,0.004,0.172,0,0.0575,0.1167,0,0,0,0,0,0.6202,0,0,0,0,0,0,0,0,0,0,0,
0.0292,0.172,0.0575,0.004,0.172,0,0,0.1167,0,0,0,0,0,0,0.6202,0,0,0,0,0,0,0,0,0,0,
0.0292,0,0,0.004,0.172,0,0.0575,0.1167,0,0,0,0,0,0,0,0.6202,0,0,0,0,0,0,0,0,0,
0,0,0,0,0,0,0,0,0.0292,.2887,0.0575,0.004,0,0,0,0,0.6202,0,0,0,0,0,0,0,0,
0,0,0,0,0,0,0,0,0.0292,0,0,0.004,.2887,0,0.0575,0,0,0.6202,0,0,0,0,0,0,0,
0,0,0,0,0,0,0,0,0.0292,0.172,0.0575,0.004,0.1167,0,0,0,0,0,0.6202,0,0,0,0,0,0,
0,0,0,0,0,0,0,0,0.0292,0.172,0.0575,0.004,0,0.1167,0,0,0,0,0,0.6202,0,0,0,0,0,
0,0,0,0,0,0,0,0,0.0292,0,0,0.004,0.172,0,0.0575,0.1167,0,0,0,0,0.6202,0,0,0,0,
0,0,0,0,0,0,0,0,0.0292,0,0,0.004,0.172,0,0.0575,0.1167,0,0,0,0,0,0.6202,0,0,0,
0,0,0,0,0,0,0,0,0.0292,0.172,0.0575,0.004,0.172,0,0,0.1167,0,0,0,0,0,0,0.6202,0,0,
0,0,0,0,0,0,0,0,0.0292,0,0,0.004,0.172,0,0.0575,0.1167,0,0,0,0,0,0,0,0.6202,0,
0,0,0,0,0,0,0,0,0,0,0,0,0,0,0,0,0.0292,.2887,0.0575,0.004,0,0,0,0,0.6202,
0,0,0,0,0,0,0,0,0,0,0,0,0,0,0,0,0.0292,0,0,0.004,.2887,0,0.0575,0,0.6202,
0,0,0,0,0,0,0,0,0,0,0,0,0,0,0,0,0.0292,0.172,0.0575,0.004,0.1167,0,0,0,0.6202,
0,0,0,0,0,0,0,0,0,0,0,0,0,0,0,0,0.0292,0.172,0.0575,0.004,0,0.1167,0,0,0.6202,
0,0,0,0,0,0,0,0,0,0,0,0,0,0,0,0,0.0292,0,0,0.004,0.172,0,0.0575,0.1167,0.6202,
0,0,0,0,0,0,0,0,0,0,0,0,0,0,0,0,0.0292,0,0,0.004,0.172,0,0.0575,0.1167,0.6202,
0,0,0,0,0,0,0,0,0,0,0,0,0,0,0,0,0.0292,0.172,0.0575,0.004,0.172,0,0,0.1167,0.6202,
0,0,0,0,0,0,0,0,0,0,0,0,0,0,0,0,0.0292,0,0,0.004,0.172,0,0.0575,0.1167,0.6202,
0,0,0,0,0,0,0,0,0,0,0,0,0,0,0,0,0,0,0,0,0,0,0,0,1),
nrow = 25, byrow=TRUE, dimnames(GameStates, GameStates))
TeamATransition <- matrix(c(0.0292,.2887,0.0575,0.004,0,0,0,0,0.6202,0,0,0,0,0,0,0,0,0,0,0,0,0,0,0,0,0.0292,0,0,0.004,.2887,0,0.0575,0,0,0.6202,0,0,0,0,0,0,0,0,0,0,0,0,0,0,0,0.0292,0.172,0.0575,0.004,0.1167,0,0,0,0,0,0.6202,0,0,0,0,0,0,0,0,0,0,0,0,0,0,
0.0292,0.172,0.0575,0.004,0,0.1167,0,0,0,0,0,0.6202,0,0,0,0,0,0,0,0,0,0,0,0,0,
0.0292,0,0,0.004,0.172,0,0.0575,0.1167,0,0,0,0,0.6202,0,0,0,0,0,0,0,0,0,0,0,0,
0.0292,0,0,0.004,0.172,0,0.0575,0.1167,0,0,0,0,0,0.6202,0,0,0,0,0,0,0,0,0,0,0,
0.0292,0.172,0.0575,0.004,0.172,0,0,0.1167,0,0,0,0,0,0,0.6202,0,0,0,0,0,0,0,0,0,0,
0.0292,0,0,0.004,0.172,0,0.0575,0.1167,0,0,0,0,0,0,0,0.6202,0,0,0,0,0,0,0,0,0,
0,0,0,0,0,0,0,0,0.0292,.2887,0.0575,0.004,0,0,0,0,0.6202,0,0,0,0,0,0,0,0,
0,0,0,0,0,0,0,0,0.0292,0,0,0.004,.2887,0,0.0575,0,0,0.6202,0,0,0,0,0,0,0,
0,0,0,0,0,0,0,0,0.0292,0.172,0.0575,0.004,0.1167,0,0,0,0,0,0.6202,0,0,0,0,0,0,
0,0,0,0,0,0,0,0,0.0292,0.172,0.0575,0.004,0,0.1167,0,0,0,0,0,0.6202,0,0,0,0,0,
0,0,0,0,0,0,0,0,0.0292,0,0,0.004,0.172,0,0.0575,0.1167,0,0,0,0,0.6202,0,0,0,0,
0,0,0,0,0,0,0,0,0.0292,0,0,0.004,0.172,0,0.0575,0.1167,0,0,0,0,0,0.6202,0,0,0,
0,0,0,0,0,0,0,0,0.0292,0.172,0.0575,0.004,0.172,0,0,0.1167,0,0,0,0,0,0,0.6202,0,0,
0,0,0,0,0,0,0,0,0.0292,0,0,0.004,0.172,0,0.0575,0.1167,0,0,0,0,0,0,0,0.6202,0,
0,0,0,0,0,0,0,0,0,0,0,0,0,0,0,0,0.0292,.2887,0.0575,0.004,0,0,0,0,0.6202,
0,0,0,0,0,0,0,0,0,0,0,0,0,0,0,0,0.0292,0,0,0.004,.2887,0,0.0575,0,0.6202,
0,0,0,0,0,0,0,0,0,0,0,0,0,0,0,0,0.0292,0.172,0.0575,0.004,0.1167,0,0,0,0.6202,
0,0,0,0,0,0,0,0,0,0,0,0,0,0,0,0,0.0292,0.172,0.0575,0.004,0,0.1167,0,0,0.6202,
0,0,0,0,0,0,0,0,0,0,0,0,0,0,0,0,0.0292,0,0,0.004,0.172,0,0.0575,0.1167,0.6202,
0,0,0,0,0,0,0,0,0,0,0,0,0,0,0,0,0.0292,0,0,0.004,0.172,0,0.0575,0.1167,0.6202,
0,0,0,0,0,0,0,0,0,0,0,0,0,0,0,0,0.0292,0.172,0.0575,0.004,0.172,0,0,0.1167,0.6202,
0,0,0,0,0,0,0,0,0,0,0,0,0,0,0,0,0.0292,0,0,0.004,0.172,0,0.0575,0.1167,0.6202,
0,0,0,0,0,0,0,0,0,0,0,0,0,0,0,0,0,0,0,0,0,0,0,0,1),
nrow = 25, byrow=TRUE, dimnames= list(GameStates, GameStates))
TeamATransition
View(TeamATransition)
install.packages('markovchains')
sessionInfo()
states = c('0 000','0 100', '0 010', '0 001', '0 110', '0 101', '0 011', '0 111',
'1 000','1 100', '1 010', '1 001', '1 110', '1 101', '1 011', '1 111',
'2 000','2 100', '2 010', '2 001', '2 110', '2 101', '2 011', '2 111', '3 000')
StateRuns = read.csv(StateRunsFile, header=FALSE)
names(StateRuns)=states[-25]
states = c('0 000','0 100', '0 010', '0 001', '0 110', '0 101', '0 011', '0 111',
'1 000','1 100', '1 010', '1 001', '1 110', '1 101', '1 011', '1 111',
'2 000','2 100', '2 010', '2 001', '2 110', '2 101', '2 011', '2 111', '3 000')
StateRuns = read.csv(StateRuns.csv, header=FALSE)
StateRuns = read.csv(StateRuns.csv, header=FALSE)
StateRuns = read.csv('StateRuns.csv', header=FALSE)
names(StateRuns)=states[-25]
row.names(StateRuns)=states[-25]
StateRuns
View(StateRuns)
#innitialize inning, runs, batter number
inning = 1
runs = 0
end_game = FALSE
batter = 1
GameStates <- c('0 0', '0 1', '0 2', '0 3', '0 12', '0 13', '0 23', '0 123',
'1 0','1 1', '1 2', '1 3', '1 12', '1 13', '1 23', '1 123',
'2 0','2 1', '2 2', '2 3', '2 12', '2 13', '2 23', '2 123', '3 0')
